563
368
231
1285
1284
1881
1076
1949
1459
352
634
1625
638
993
1437
863
827
293
392
20
662
357
445
1859
1411
1906
1132
952
1792
849
582
1655
1079
790
693
1130
938
1296
1815
83
1977
1061
39
416
1205
187
5
358
1969
559
1281
1319
868
1450
76
1182
331
1390
288
1100
1415
68
1218
1414
1172
1349
1120
1146
1215
360
550
1908
926
984
1556
956
93
1836
1451
1380
166
469
888
1150
999
1299
1249
969
691
752
1115
1987
247
1089
384
721
997
339
389
717
719
1471
363
1464
292
673
737
474
282
1367
1092
259
1758
130
427
313
1122
1044
22
1704
1048
287
1282
1305
595
1165
1926
1961
1038
406
996
486
1272
641
1527
461
885
355
740
1015
1050
813
21
1928
1563
341
917
1538
943
1339
774
1841
1848
1135
1396
521
135
847
1930
366
1400
612
1921
708
875
797
1497
1592
1449
840
211
549
1355
1327
450
831
1167
1070
1545
1457
795
350
289
1395
227
34
1241
530
1199
1052
1178
1034
1543
1428
1701
206
116
738
1796
1373
178
120
1474
566
823
865
57
1950
525
397
1007
1027
728
1938
1753
483
343
1291
948
1757
401
1892
1584
1276
1962
1847
1764
1712
1447
1055
1011
725
1569
699
1148
1408
971
540
436
1769
807
556
10
396
1455
1528
112
1948
524
1279
516
1575
1231
773
1298
1222
1236
1512
1895
1814
1101
843
1638
1559
306
1306
1371
1293
472
1750
1546
321
724
1610
1877
739
1686
928
409
988
1270
1265
325
1937
1492
1519
718
1582
467
1325
1425
963
895
12
541
1212
79
1001
637
1996
1308
929
1684
1161
700
1051
801
160
1953
1229
1542
117
1324
1835
412
201
477
1083
1163
181
225
1664
1748
1074
1047
935
1145
1739
1359
410
779
1370
851
684
428
219
1674
794
1797
433
85
741
1867
399
1086
757
487
1493
630
1534
872
1873
449
522
1644
1420
1900
1012
18
642
569
164
1429
175
546
1080
1294
13
194
544
1984
157
968
624
468
1237
727
1361
496
1567
1261
91
1731
1174
647
451
1289
512
913
1126
1794
633
158
1509
602
1283
1981
1552
1477
1549
822
189
208
381
291
1418
176
318
780
1734
1595
1090
348
599
1183
748
950
1386
466
419
276
1872
338
1506
991
787
611
1568
751
1635
1058
447
1733
1904
596
33
1075
598
983
1478
1799
1699
1017
1185
1771
914
372
560
669
207
1940
1417
84
299
1946
722
736
1018
245
1088
1679
1614
1914
1273
248
414
60
320
1004
694
1138
1719
405
473
1837
1703
712
1525
1153
167
151
866
364
1082
190
382
110
1031
1391
1598
192
1505
138
159
1470
1156
990
92
1065
294
1311
240
1680
15
994
567
1587
793
197
1211
1643
1978
243
1356
1401
920
1818
1601
755
631
217
237
1695
246
593
1032
1819
1913
1742
103
1653
242
1558
1022
1275
764
876
842
946
1419
1523
1097
64
1394
278
118
782
1634
425
1520
1190
1255
902
383
480
1402
1155
379
1114
1036
1443
1102
1927
434
55
1639
1676
344
77
979
1056
1121
553
953
1565
106
1510
1234
632
310
703
1667
577
581
400
224
784
96
4
1426
1935
1224
1547
432
1647
1422
1516
453
235
754
1811
1747
583
1369
1992
253
947
1433
837
514
1645
1005
561
594
535
973
620
87
1688
976
454
203
1009
1779
14
424
1537
1189
652
1810
1531
836
1514
345
536
1705
1944
417
172
607
1292
202
696
1532
980
1965
1659
1008
359
658
1329
1912
147
1958
659
173
1979
1660
886
388
1277
1561
285
226
1530
1687
283
500
214
1484
1696
1866
1376
667
1213
1737
115
769
867
40
1482
723
800
810
1689
960
552
1590
256
495
745
38
1432
1140
1006
3
1362
763
1853
210
759
1821
925
854
1754
1741
1673
1692
105
1621
1826
149
442
1974
1795
1286
1181
1026
907
53
1290
375
1014
1780
1195
1738
188
937
322
488
1227
1709
1850
493
1220
0
735
1682
1580
1251
519
1332
1843
1405
1718
1606
191
236
122
439
558
1932
302
1782
62
614
1463
1103
899
1171
1698
749
1253
1588
277
177
1646
884
1817
1106
1136
113
429
1110
1323
1360
1901
832
421
1732
1956
1603
1488
1469
1219
114
6
342
1789
1271
46
1706
820
576
95
955
186
1597
255
951
966
625
49
403
503
109
1196
70
1235
1232
1832
1295
1945
726
1129
1728
1067
41
179
279
1693
1000
1716
626
1137
133
124
1476
959
588
932
651
903
1845
1691
281
1577
1300
185
1049
1346
1624
1387
499
572
568
441
1788
1216
682
1581
1829
1042
1335
36
839
1087
1941
394
1240
484
371
1454
1503
852
340
1168
1986
675
765
1019
1112
1648
1875
857
961
1250
767
520
27
744
94
312
1617
1072
1630
268
462
606
910
679
619
1209
1988
1670
814
444
28
574
108
257
305
373
1663
222
42
1288
1604
1331
1194
1894
1861
758
1069
1785
142
1640
747
216
1313
945
195
1337
71
337
504
1502
1252
505
1960
1909
565
1868
853
1436
1342
1472
1093
61
1113
942
1504
768
986
1973
992
1571
1993
1954
1372
1347
349
927
391
890
936
1918
671
107
1382
554
1177
1341
136
1994
48
1269
47
249
456
1043
912
25
1605
1919
1806
1999
1223
501
1210
609
1256
232
251
1970
859
1762
144
1403
1318
418
743
1193
139
685
967
539
1206
789
457
1765
380
1870
656
1453
934
1886
1413
1668
579
239
939
940
98
1028
1863
1713
1876
1081
460
156
163
871
481
354
1995
605
154
1778
319
1466
1379
523
646
933
374
1975
788
845
1192
1099
603
1239
1865
270
681
1475
1257
709
1715
323
1312
825
415
1430
987
1593
165
587
1535
1316
1683
1820
585
861
1626
1774
1084
908
153
315
1579
778
648
1366
1862
957
1854
492
1377
1777
1013
1448
1489
1521
145
1180
898
1566
438
148
1016
1976
1966
506
51
45
234
17
1541
881
1053
1375
230
1800
1773
1551
1839
1184
1807
1494
303
1860
458
930
1002
1040
575
1939
1274
1354
143
465
1830
518
874
1651
1238
1233
471
543
1766
52
82
140
24
1064
1278
771
676
1726
35
90
378
1849
1925
613
336
1010
1353
628
864
295
978
677
1616
1431
838
1808
1972
37
1665
1201
1108
1515
586
1389
1307
314
170
304
944
1874
1095
891
129
627
900
489
617
266
698
1109
435
1297
547
1033
597
1775
1743
1187
1657
1920
1933
78
791
125
892
265
1882
1902
168
1533
1907
644
555
126
720
74
893
844
131
274
1104
1133
970
1985
223
1357
1486
1662
1767
1801
635
1258
704
174
887
949
369
564
1891
1152
1772
1208
1491
965
792
1468
618
162
422
1833
1124
786
1809
1893
816
1658
333
443
805
811
835
470
1752
218
1495
128
152
1461
1262
734
1720
731
1636
1729
404
1711
680
889
370
459
411
1350
1694
1536
1725
1336
327
1735
1191
1260
873
1560
263
1280
689
280
1423
1642
1221
964
56
1803
590
1871
714
324
296
43
818
1147
1672
311
334
601
1517
1612
1029
880
511
1746
826
1407
1267
1633
200
537
848
72
182
1203
1856
1200
654
1786
1955
878
760
1107
1118
1242
1942
1952
1776
1910
1628
1983
1304
1929
573
640
1884
1460
879
817
1917
1435
517
1784
616
1412
750
918
1898
1967
50
317
212
1982
1384
1351
1330
622
1364
1141
1204
1997
1091
1111
1828
1254
916
1607
1151
346
1991
1059
121
1924
1846
1622
1164
204
985
86
1857
772
377
954
690
1287
1023
1398
1268
783
221
629
1756
497
1609
1951
1671
1020
1248
1024
233
100
11
1368
1714
589
1957
254
1226
8
1730
1855
1263
1761
29
99
762
785
702
1724
584
264
1214
562
1066
413
261
897
705
850
491
1410
1314
141
59
1157
687
846
1162
882
666
58
478
531
1522
1620
1328
761
1880
183
915
1246
1669
775
1352
1383
931
688
1348
101
668
258
1760
329
1207
1144
674
610
1322
1507
1879
1244
308
977
1557
1160
804
621
1751
770
260
1971
510
1217
841
1440
1685
1105
542
1317
1916
528
1697
855
1077
1003
742
663
1661
1139
1554
1564
1392
1264
1816
395
63
1787
812
137
426
799
390
32
54
1550
1650
1947
1445
1442
1911
1998
1173
1562
796
623
44
1068
1923
1338
1905
655
1763
1618
16
1903
1125
1416
1025
1046
730
1166
1613
1805
273
1385
995
1123
1142
1834
922
713
1888
870
80
448
1931
328
1641
1467
1599
766
196
1878
298
1652
858
1062
1344
1623
998
420
1727
1710
1548
476
31
962
919
1035
297
386
1496
150
464
1583
643
715
365
901
756
1225
1656
